Running algorithm-tests with 20 iteration(s)
-------------------------------------------------


My Grayscale (Outer)
(1,14.9234)(2,9.8524)(3,6.59485)(4,4.95885)(5,4.82065)(6,4.5133)(7,3.89165)(8,36.8866)(9,29.6062)(10,26.494)(11,24.2738)(12,22.0962)(13,20.3089)(14,19.1307)(15,17.7853)(16,17.4446)

My Grayscale (Inner)
(1,15.243)(2,8.3793)(3,95.7094)(4,74.9772)(5,60.4569)(6,76.2988)(7,64.1251)(8,57.9691)(9,129.706)(10,140.856)(11,151.381)(12,175.358)(13,191.842)(14,171.761)(15,167.276)(16,189.499)

My Grayscale (Collapse)
(1,15.0915)(2,7.557)(3,5.04065)(4,62.3426)(5,49.8704)(6,41.6652)(7,35.6859)(8,36.7201)(9,28.7093)(10,27.0565)(11,24.5003)(12,22.5038)(13,20.8165)(14,19.4369)(15,18.1129)(16,17.6074)

OpenCV Grayscale
(1,0.16485)(2,0.1225)(3,0.0784)(4,0.0782)(5,0.12585)(6,0.12545)(7,0.0787)(8,0.17585)(9,0.1727)(10,0.12265)(11,0.1794)(12,0.1259)(13,0.1254)(14,0.1258)(15,0.0783)(16,0.0786)

My HSV (Outer)
(1,30.641)(2,15.9525)(3,10.6776)(4,117.995)(5,98.6225)(6,82.324)(7,71.3444)(8,70.5416)(9,62.7889)(10,52.4211)(11,47.1942)(12,44.6635)(13,42.1298)(14,42.1888)(15,39.3924)(16,38.2957)

My HSV (Inner)
(1,30.7855)(2,16.2723)(3,11.8813)(4,129.745)(5,117.341)(6,134.39)(7,115.95)(8,105.581)(9,168.57)(10,167.237)(11,176.252)(12,174.76)(13,194.364)(14,216.556)(15,222.227)(16,216.753)

My HSV (Collapse)
(1,30.3377)(2,16.2134)(3,158.358)(4,122.745)(5,99.7314)(6,92.5357)(7,83.2476)(8,74.4663)(9,64.432)(10,58.0962)(11,52.7946)(12,48.3936)(13,44.5975)(14,41.1037)(15,38.3576)(16,34.0934)

OpenCV HSV
(1,0.18825)(2,0.4632)(3,0.3184)(4,0.17495)(5,0.17455)(6,0.31825)(7,0.46525)(8,0.33125)(9,0.17375)(10,0.1735)(11,0.3179)(12,0.1779)(13,0.3203)(14,0.17385)(15,0.31985)(16,0.17305)

My Emboss (Outer)
(1,36.4969)(2,18.3858)(3,12.2836)(4,10.8902)(5,11.746)(6,10.7683)(7,89.52)(8,80.5112)(9,68.7179)(10,66.2398)(11,60.7678)(12,55.4652)(13,51.0267)(14,47.7852)(15,44.4727)(16,43.3743)

My Emboss (Inner)
(1,45.3158)(2,25.5252)(3,18.2905)(4,14.4072)(5,160.713)(6,140.374)(7,122.894)(8,113.116)(9,169.668)(10,165.612)(11,185.754)(12,189.874)(13,223.349)(14,225.706)(15,221.095)(16,218.403)

My Emboss (Collapse)
(1,36.3708)(2,18.3634)(3,12.2622)(4,147.825)(5,124.851)(6,106)(7,91.0971)(8,80.8574)(9,68.6707)(10,66.0083)(11,59.8117)(12,54.5456)(13,50.3254)(14,46.7674)(15,43.6332)(16,42.1202)

Saving my grayscale
Saving cv grayscale
Saving my hsv
Saving cv hsv
Saving my emboss
