Running algorithm-tests with 20 iteration(s)
-------------------------------------------------


4My Grayscale (Outer)
(1,24.4133)(2,199.807)(3,133.104)(4,99.8089)(5,77.4871)(6,69.4846)(7,24.6082)(8,56.4363)(9,44.1514)(10,43.5133)(11,39.3783)(12,35.9528)(13,33.1149)(14,31.0258)(15,28.8226)(16,28.1078)

My Grayscale (Inner)
(1,24.7646)(2,218.833)(3,149.138)(4,116.783)(5,97.4004)(6,113.003)(7,99.3465)(8,91.7547)(9,194.705)(10,210.978)(11,209.612)(12,222.735)(13,218.822)(14,217.533)(15,242.703)(16,258.25)

My Grayscale (Collapse)
(1,24.7279)(2,16.0915)(3,10.7288)(4,8.05015)(5,8.5615)(6,74.9526)(7,63.6052)(8,57.7386)(9,48.9258)(10,43.9183)(11,39.9622)(12,36.7452)(13,33.9661)(14,31.7066)(15,29.5096)(16,28.595)

OpenCV Grayscale
(1,0.1559)(2,0.148)(3,0.14785)(4,0.1477)(5,0.1479)(6,0.4582)(7,1.0345)(8,1.0344)(9,0.98965)(10,1.0344)(11,1.03435)(12,1.03815)(13,1.0344)(14,0.9867)(15,1.03465)(16,1.0405)

My HSV (Outer)
(1,51.2238)(2,26.2092)(3,268.737)(4,223.202)(5,192.862)(6,157.616)(7,140.55)(8,121.786)(9,96.9166)(10,98.2537)(11,90.5104)(12,80.268)(13,74.4303)(14,71.0003)(15,66.1311)(16,54.2151)

My HSV (Inner)
(1,51.5419)(2,27.007)(3,294.759)(4,235.602)(5,189.223)(6,160.378)(7,181.92)(8,161.604)(9,250.83)(10,247.79)(11,250.98)(12,257.101)(13,280.264)(14,281.305)(15,282.519)(16,295.096)

My HSV (Collapse)
(1,50.9926)(2,25.7096)(3,268.474)(4,221.95)(5,185.698)(6,31.0707)(7,118.205)(8,111.095)(9,99.6296)(10,86.449)(11,85.6875)(12,72.6154)(13,77.0841)(14,69.51)(15,64.3006)(16,61.2581)

OpenCV HSV
(1,2.99325)(2,2.9077)(3,2.9142)(4,2.90215)(5,2.90425)(6,2.9076)(7,2.90225)(8,3.01205)(9,2.92045)(10,2.9192)(11,2.923)(12,2.6214)(13,0.3293)(14,0.9838)(15,2.8921)(16,2.904)

My Emboss (Outer)
(1,60.043)(2,36.1963)(3,24.5314)(4,18.3849)(5,205.097)(6,172.63)(7,151.734)(8,134.474)(9,113.78)(10,107.929)(11,98.3423)(12,85.2074)(13,83.2143)(14,77.2117)(15,71.6326)(16,69.8861)

My Emboss (Inner)
(1,60.3068)(2,40.6003)(3,28.5323)(4,22.5847)(5,21.5317)(6,222.852)(7,197.382)(8,179.847)(9,279.144)(10,271.533)(11,262.781)(12,280.113)(13,290.108)(14,275.396)(15,278.462)(16,305.408)

My Emboss (Collapse)
(1,72.4345)(2,37.3149)(3,23.9357)(4,17.8972)(5,21.0606)(6,171.257)(7,148.681)(8,130.877)(9,114.215)(10,107.162)(11,98.1054)(12,89.7244)(13,83.0479)(14,77.2327)(15,71.5684)(16,69.1337)

Saving my grayscale
Saving cv grayscale
Saving my hsv
Saving cv hsv
Saving my emboss
