Running algorithm-tests with 20 iteration(s)
-------------------------------------------------


4My Grayscale (Outer)
(1,84.7651)(2,42.4929)(3,28.3932)(4,27.7847)(5,27.4163)(6,25.5981)(7,21.9608)(8,171.119)(9,157.78)(10,149.698)(11,135.61)(12,122.389)(13,114.169)(14,105.894)(15,99.2955)(16,93.4296)

My Grayscale (Inner)
(1,86.4317)(2,384.623)(3,46.3162)(4,37.0097)(5,30.141)(6,27.7572)(7,23.957)(8,276.641)(9,422.249)(10,415.381)(11,428.345)(12,462.798)(13,554.006)(14,608.27)(15,578.593)(16,578.655)

My Grayscale (Collapse)
(1,86.8846)(2,578.774)(3,37.2281)(4,27.9228)(5,27.1842)(6,25.6768)(7,22.015)(8,188.052)(9,154.208)(10,145.351)(11,138.051)(12,126.559)(13,117.164)(14,108.844)(15,101.675)(16,98.4881)

OpenCV Grayscale
(1,1.0134)(2,1.2857)(3,1.27985)(4,1.289)(5,1.2893)(6,1.2804)(7,1.2957)(8,1.3081)(9,1.2796)(10,1.29235)(11,1.29985)(12,1.3017)(13,1.29905)(14,1.28315)(15,1.29865)(16,1.29395)

My HSV (Outer)
(1,242.261)(2,124.171)(3,82.3056)(4,60.9967)(5,591.538)(6,497.666)(7,454.621)(8,431.172)(9,383.696)(10,345.236)(11,313.371)(12,260.315)(13,242.916)(14,233.442)(15,227.691)(16,209.449)

My HSV (Inner)
(1,242.974)(2,128.17)(3,86.7004)(4,66.002)(5,807.485)(6,717.952)(7,640.24)(8,563.382)(9,662.225)(10,631.528)(11,641.284)(12,629.436)(13,651.422)(14,671.672)(15,675.642)(16,677.554)

My HSV (Collapse)
(1,183.743)(2,94.8518)(3,63.1679)(4,57.8932)(5,55.0755)(6,49.8999)(7,417.77)(8,393.089)(9,359.605)(10,294.962)(11,284.586)(12,275.891)(13,242.667)(14,226.817)(15,209.041)(16,196.934)

OpenCV HSV
(1,3.06845)(2,3.32195)(3,3.29455)(4,3.27595)(5,3.33575)(6,3.30205)(7,3.272)(8,3.29815)(9,3.28565)(10,2.8259)(11,3.2877)(12,3.2852)(13,3.2756)(14,3.27845)(15,3.2721)(16,3.2862)

My Emboss (Outer)
(1,252.551)(2,126.891)(3,84.7352)(4,63.375)(5,701.605)(6,501.377)(7,53.2311)(8,441.491)(9,377.608)(10,357.149)(11,324.006)(12,306.62)(13,278.812)(14,275.346)(15,258.705)(16,242.183)

My Emboss (Inner)
(1,208.289)(2,486.871)(3,93.3035)(4,71.2361)(5,68.4381)(6,745.472)(7,650.414)(8,579.208)(9,704.832)(10,644.478)(11,650.883)(12,641.174)(13,644.56)(14,649.719)(15,662.726)(16,694.71)

My Emboss (Collapse)
(1,207.769)(2,105.521)(3,70.0653)(4,848.792)(5,680.231)(6,555.124)(7,520.635)(8,458.169)(9,412.022)(10,371.2)(11,337.787)(12,302.804)(13,288.501)(14,262.005)(15,232.971)(16,224.291)

Saving my grayscale
Saving cv grayscale
Saving my hsv
Saving cv hsv
Saving my emboss
